/*--------------------------------*- C++ -*----------------------------------*\
  =========                 |
  \\      /  F ield         | OpenFOAM: The Open Source CFD Toolbox
   \\    /   O peration     | Website:  https://openfoam.org
    \\  /    A nd           | Version:  7
     \\/     M anipulation  |
\*---------------------------------------------------------------------------*/
FoamFile
{
    version     2.0;
    format      ascii;
    class       volScalarField;
    location    "0";
    object      O2;
}
// * * * * * * * * * * * * * * * * * * * * * * * * * * * * * * * * * * * * * //

dimensions      [0 0 0 0 0 0 0];

internalField   nonuniform List<scalar> 
880
(
0.226354
0.226354
0.226354
0.226354
0.226354
0.226354
0.226354
0.226354
0.226354
0.226354
0.226354
0.226354
0.226354
0.226354
0.226354
0.226354
0.226354
0.226354
0.226354
0.226354
0.226354
0.226354
0.226354
0.226354
0.226354
0.226354
0.226354
0.226354
0.226354
0.226354
0.226354
0.226354
0.226354
0.226354
0.226354
0.226354
0.226354
0.226354
0.226354
0.226354
0.226354
0.226354
0.226354
0.226354
0.226354
0.226354
0.226354
0.226354
0.226354
0.226354
0.226354
0.226354
0.226354
0.226354
0.226354
0.226354
0.226354
0.226354
0.226354
0.226354
0.226354
0.226354
0.226354
0.226354
0.226354
0.226354
0.226354
0.226354
0.226354
0.226354
0.226354
0.226354
0.226354
0.226354
0.226354
0.226354
0.226354
0.226354
0.226354
0.226354
0.226354
0.226354
0.226354
0.226354
0.226354
0.226354
0.226354
0.226354
0.226354
0.226354
0.226354
0.226354
0.226354
0.226354
0.226354
0.226354
0.226354
0.226354
0.226354
0.226354
0.226354
0.226354
0.226354
0.226354
0.226354
0.226354
0.226354
0.226354
0.226354
0.226354
0.226354
0.226354
0.226354
0.226354
0.226354
0.226354
0.226354
0.226354
0.226354
0.226354
0.226354
0.226354
0.226354
0.226354
0.226354
0.226354
0.226354
0.226354
0.226354
0.226354
0.226354
0.226354
0.226354
0.226354
0.226354
0.226354
0.226354
0.226354
0.226354
0.226354
0.226354
0.226354
0.226354
0.226354
0.226354
0.226354
0.226354
0.226354
0.226354
0.226354
0.226354
0.226354
0.226354
0.226354
0.226354
0.226354
0.226354
0.226354
0.226354
0.226354
0.226354
0.226354
0.226354
0.226354
0.226354
0.226354
0.226354
0.226354
0.226354
0.226354
0.226354
0.226354
0.226354
0.226354
0.226354
0.226354
0.226354
0.226354
0.226354
0.226354
0.226354
0.226354
0.226354
0.226354
0.226354
0.226354
0.226354
0.226354
0.226354
0.226354
0.226354
0.226354
0.226354
0.226354
0.226354
0.226354
0.226354
0.226354
0.226354
0.226354
0.226354
0.226354
0.226354
0.226354
0.226354
0.226354
0.226354
0.226354
0.226354
0.226354
0.226354
0.226354
0.226354
0.226354
0.226354
0.226354
0.226354
0.226354
0.226354
0.226354
0.226354
0.226354
0.226354
0.226354
0.226354
0.226354
0.226354
0.226354
0.226354
0.226354
0.226354
0.226354
0.226354
0.226354
0.226354
0.226354
0.226354
0.226354
0.226354
0.226354
0.226354
0.226354
0.226354
0.226354
0.226354
0.226354
0.226354
0.226354
0.226354
0.226354
0.226354
0.226354
0.226354
0.226354
0.226354
0.226354
0.226354
0.226354
0.226354
0.226354
0.226354
0.226354
0.226354
0.226354
0.226354
0.226354
0.226354
0.226354
0.226354
0.226354
0.226354
0.226354
0.226354
0.226354
0.226354
0.226354
0.226354
0.226354
0.226354
0.226354
0.226354
0.226354
0.226354
0.226354
0.226354
0.226354
0.226354
0.226354
0.226354
0.226354
0.226354
0.226354
0.226354
0.226354
0.226354
0.226354
0.226354
0.226354
0.226354
0.226354
0.226354
0.226354
0.226354
0.226354
0.226354
0.226354
0.226354
0.226354
0.226354
0.226354
0.226354
0.226354
0.226354
0.226354
0.226354
0.226354
0.226354
0.226354
0.226354
0.226354
0.226354
0.226354
0.226354
0.226354
0.226354
0.226354
0.226354
0.226354
0.226354
0.226354
0.226354
0.226354
0.226354
0.226354
0.226354
0.226354
0.226354
0.226354
0.226354
0.226354
0.226354
0.226354
0.226354
0.226354
0.226354
0.226354
0.226354
0.226354
0.226354
0.226354
0.226354
0.226354
0.226354
0.226354
0.226354
0.226354
0.226354
0.226354
0.226354
0.226354
0.226354
0.226354
0.226354
0.226354
0.226354
0.226354
0.226354
0.226354
0.226354
0.226354
0.226354
0.226354
0.226354
0.226354
0.226354
0.226354
0.226354
0.226354
0.226354
0.226354
0.226354
0.226354
0.226354
0.226354
0.226354
0.226354
0.226354
0.226354
0.226354
0.226354
0.226354
0.226354
0.226354
0.226354
0.226354
0.226354
0.226354
0.226354
0.226354
0.226354
0.226354
0.226354
0.226354
0.226354
0.226354
0.226354
0.226354
0.226354
0.226354
0.226354
0.226354
0.226354
0.226354
0.226354
0.226354
0.226354
0.226354
0.226354
0.226354
0.226354
0.226354
0.226354
0.226354
0.226354
0.226354
0.226354
0.226354
0.226354
0.226354
0.226354
0.226354
0.226354
0.226354
0.226354
0.226354
0.226354
0.226354
0.226354
0.226354
0.226354
0.226354
0.226354
0.226354
0.226354
0.226354
0.226354
0.226354
0.226354
0.226354
0.226354
0.226354
0.226354
0.226354
0.226354
0.226354
0.226354
0.226354
0.226354
0.226354
0.226354
0.226354
0.226354
0.226354
0.226354
0.226354
0.226354
0.226354
0.226354
0.226354
0.226354
0.226354
0.226354
0.226354
0.226354
0.226354
0.226354
0.226354
0.226354
0.226354
0.226354
0.226354
0.226354
0.226354
0.226354
0.226354
0.226354
0.226354
0.226354
0.226354
0.226354
0.226354
0.226354
0.226354
0.226354
0.226354
0.226354
0.226354
0.226354
0.226354
0.226354
0.009804
0.009804
0.009804
0.009804
0.009804
0.009804
0.009804
0.009804
0.009804
0.009804
0.009804
0.009804
0.009804
0.009804
0.009804
0.009804
0.009804
0.009804
0.009804
0.009804
0.009804
0.009804
0.009804
0.009804
0.009804
0.009804
0.009804
0.009804
0.009804
0.009804
0.009804
0.009804
0.009804
0.009804
0.009804
0.009804
0.009804
0.009804
0.009804
0.009804
0.009804
0.009804
0.009804
0.009804
0.009804
0.009804
0.009804
0.009804
0.009804
0.009804
0.009804
0.009804
0.009804
0.009804
0.009804
0.009804
0.009804
0.009804
0.009804
0.009804
0.009804
0.009804
0.009804
0.009804
0.009804
0.009804
0.009804
0.009804
0.009804
0.009804
0.009804
0.009804
0.009804
0.009804
0.009804
0.009804
0.009804
0.009804
0.009804
0.009804
0.009804
0.009804
0.009804
0.009804
0.009804
0.009804
0.009804
0.009804
0.009804
0.009804
0.009804
0.009804
0.009804
0.009804
0.009804
0.009804
0.009804
0.009804
0.009804
0.009804
0.009804
0.009804
0.009804
0.009804
0.009804
0.009804
0.009804
0.009804
0.009804
0.009804
0.009804
0.009804
0.009804
0.009804
0.009804
0.009804
0.009804
0.009804
0.009804
0.009804
0.009804
0.009804
0.009804
0.009804
0.009804
0.009804
0.009804
0.009804
0.009804
0.009804
0.009804
0.009804
0.009804
0.009804
0.009804
0.009804
0.009804
0.009804
0.009804
0.009804
0.009804
0.009804
0.009804
0.009804
0.009804
0.009804
0.009804
0.009804
0.009804
0.009804
0.009804
0.009804
0.009804
0.009804
0.009804
0.009804
0.009804
0.009804
0.009804
0.009804
0.009804
0.009804
0.009804
0.009804
0.009804
0.009804
0.009804
0.009804
0.009804
0.009804
0.009804
0.009804
0.009804
0.009804
0.009804
0.009804
0.009804
0.009804
0.009804
0.009804
0.009804
0.009804
0.009804
0.009804
0.009804
0.009804
0.009804
0.009804
0.009804
0.009804
0.009804
0.009804
0.009804
0.009804
0.009804
0.009804
0.009804
0.009804
0.009804
0.009804
0.009804
0.009804
0.009804
0.009804
0.009804
0.009804
0.009804
0.009804
0.009804
0.009804
0.009804
0.009804
0.009804
0.009804
0.009804
0.009804
0.009804
0.009804
0.009804
0.009804
0.009804
0.009804
0.009804
0.009804
0.009804
0.009804
0.009804
0.009804
0.009804
0.009804
0.009804
0.009804
0.009804
0.009804
0.009804
0.009804
0.009804
0.009804
0.009804
0.009804
0.009804
0.009804
0.009804
0.009804
0.009804
0.009804
0.009804
0.009804
0.009804
0.009804
0.009804
0.009804
0.009804
0.009804
0.009804
0.009804
0.009804
0.009804
0.009804
0.009804
0.009804
0.009804
0.009804
0.009804
0.009804
0.009804
0.009804
0.009804
0.009804
0.009804
0.009804
0.009804
0.009804
0.009804
0.009804
0.009804
0.009804
0.009804
0.009804
0.009804
0.009804
0.009804
0.009804
0.009804
0.009804
0.009804
0.009804
0.009804
0.009804
0.009804
0.009804
0.009804
0.009804
0.009804
0.009804
0.009804
0.009804
0.009804
0.009804
0.009804
0.009804
0.009804
0.009804
0.009804
0.009804
0.009804
0.009804
0.009804
0.009804
0.009804
0.009804
0.009804
0.009804
0.009804
0.009804
0.009804
0.009804
0.009804
0.009804
0.009804
0.009804
0.009804
0.009804
0.009804
0.009804
0.009804
0.009804
0.009804
0.009804
0.009804
0.009804
0.009804
0.009804
0.009804
0.009804
0.009804
0.009804
0.009804
0.009804
0.009804
0.009804
0.009804
0.009804
0.009804
0.009804
0.009804
0.009804
0.009804
0.009804
0.009804
0.009804
0.009804
0.009804
0.009804
0.009804
0.009804
0.009804
0.009804
0.009804
0.009804
0.009804
0.009804
0.009804
0.009804
0.009804
0.009804
0.009804
0.009804
0.009804
0.009804
0.009804
0.009804
0.009804
0.009804
0.009804
0.009804
0.009804
0.009804
0.009804
0.009804
)
;

boundaryField
{
    boundary
    {
        type            empty;
    }
    inlet
    {
        type            fixedValue;
        value           uniform 0.226354;
    }
    outlet
    {
        type            zeroGradient;
    }
}


// ************************************************************************* //
